AGOSTO (31 dias)

312
318
330
319
336
323
327
339
326
344
332
348
333
349
338
350
352
340
356
343
357
341
355
349
361
347
351
363
353
366
354

SETEMBRO (30 valores)

307
313
306
312
305
298
310
299
303
295
300
294
303
294
298
293
301
285
296
288
293
285
293
281
287
276
286
283
277
289

OUTUBRO (31 valores)

305
296
306
301
309
300
311
309
316
308
323
314
320
318
326
314
331
319
325
323
329
322
334
328
332
324
337
331
343
329
345

NOVEMBRO (30 valores)

343
351
338
345
337
341
332
342
332
338
325
337
328
330
320
336
324
329
319
324
326
316
326
312
317
305
317
311
314
317

DEZEMBRO (31 valores)

351
348
358
351
357
350
365
357
363
356
366
357
371
365
376
360
371
365
376
371
377
370
377
371
385
375
382
378
387
375
391